
Element["" "" "C?" "" 73000 217000 -11000 -18000 0 140 ""]
(
	Pin[-8500 -1000 7200 3000 10200 3500 "" "1" ""]
	Pin[500 -1000 7200 3000 10200 3500 "" "2" ""]
	ElementLine [-13000 -9000 -13000 -52000 600]
	ElementLine [-13000 -52000 -12500 -52500 600]
	ElementLine [-12500 -52500 4500 -52500 600]
	ElementLine [4500 -52500 5000 -52000 600]
	ElementLine [5000 -52000 5000 -9000 600]
	ElementLine [5000 -9000 -13000 -9000 600]
	ElementLine [-8500 -5000 -8500 -9000 600]
	ElementLine [500 -5000 500 -9000 600]
	ElementLine [1500 -37500 3500 -37500 600]
	ElementLine [3500 -37500 3500 -22000 600]
	ElementLine [3500 -22000 1500 -22000 600]
	ElementLine [1500 -22000 1500 -37500 600]
	ElementLine [1500 -37500 2500 -37500 600]
	ElementLine [2500 -37500 3000 -37000 600]
	ElementLine [3000 -37000 3000 -22500 600]
	ElementLine [3000 -22500 2000 -22500 600]
	ElementLine [2000 -22500 2000 -37000 600]
	ElementLine [2000 -37000 2500 -37000 600]
	ElementLine [2500 -37000 2500 -23000 600]

	)
