Element[0x0 "8-pin male RA Connector" "" "" 0 0 -20000 -12000 0 100 0x0]
(
   Pin[    0 0 7000 2000 8000 3500 "" "1" 0x101]
   Pin[10000 0 7000 2000 8000 3500 "" "2" 0x01]
   Pin[20000 0 7000 2000 8000 3500 "" "3" 0x01] 

   ElementLine [-4500 -9000 24500 -9000 1000]
   ElementLine [-4500 -18000 24500  -18000 1000]

   ElementLine [-4500 -9000 -4500 -18000 1000]
   ElementLine [24500 -9000 24500 -18000 1000]

   ElementLine [0     -3500  0     -8800 1250]
   ElementLine [0     -18200 0     -35000 1250]

   ElementLine [10000 -3500  10000 -8800 1250]
   ElementLine [10000 -18200 10000 -35000 1250]

   ElementLine [20000 -3500  20000 -8800 1250]
   ElementLine [20000 -18200 20000 -35000 1250]
 


)
